zero ditect
state:tensor([1.0000, 1.0000, 1.0000, 0.1667, 0.0000, 0.5000, 0.0000, 0.1667, 0.0000,
        0.5000, 0.0000, 0.1667, 0.0000, 1.0000, 1.0000, 0.3333, 0.0332, 0.0000,
        1.0000, 1.0000, 1.0000, 0.3333, 0.0000, 0.0000, 0.0000, 0.0000, 0.0000,
        1.0000, 0.0000, 0.3333, 0.0000, 1.0000, 1.0000, 0.6667, 0.1347, 0.0000,
        1.0000, 1.0000, 1.0000, 0.1667, 0.0000, 0.0000, 0.0000, 0.0000, 0.0000,
        1.0000, 0.0000, 0.1667, 0.0000, 1.0000, 0.0000, 0.1667, 0.3019, 0.0000,
        1.0000, 1.0000, 1.0000, 0.1667, 0.0000, 0.0000, 0.0000, 0.0000, 0.0000,
        1.0000, 0.0000, 0.1667, 0.0000, 1.0000, 0.0000, 0.1667, 0.1680, 0.0000,
        1.0000, 1.0000, 1.0000, 0.1667, 0.0000, 1.0000, 0.0000, 0.1667, 1.0000,
        1.0000, 1.0000, 0.1667, 0.0000, 1.0000, 0.0000, 0.1667, 0.4202, 0.0000,
        1.0000, 1.0000, 1.0000, 0.1667, 0.0000, 1.0000, 0.0000, 0.1667, 1.0000,
        1.0000, 1.0000, 0.1667, 0.0000, 1.0000, 1.0000, 0.5000, 0.1682, 0.0000],
       device='cuda:0')
new_s:tensor([1.0000, 1.0000, 1.0000, 0.1667, 0.0000, 1.0000, 0.0000, 0.1667, 1.0000,
        1.0000, 1.0000, 0.1667, 0.0000, 1.0000, 0.0000, 0.1667, 0.1025, 0.0000,
        1.0000, 1.0000, 1.0000, 0.1667, 0.0000, 1.0000, 0.0000, 0.3333, 1.0000,
        1.0000, 1.0000, 0.1667, 0.0000, 1.0000, 1.0000, 0.5000, 0.0917, 0.0000,
        1.0000, 1.0000, 1.0000, 0.1667, 0.0000, 0.0000, 0.0000, 0.0000, 1.0000,
        1.0000, 1.0000, 0.1667, 1.0000, 1.0000, 1.0000, 0.1667, 0.4248, 4.0000,
        1.0000, 1.0000, 1.0000, 0.1667, 0.0000, 1.0000, 0.0000, 0.1667, 1.0000,
        1.0000, 1.0000, 0.1667, 0.0000, 1.0000, 0.0000, 0.1667, 0.1465, 0.0000,
        1.0000, 1.0000, 1.0000, 0.1667, 0.0000, 1.0000, 0.0000, 0.1667, 1.0000,
        1.0000, 1.0000, 0.1667, 0.0000, 1.0000, 0.0000, 0.1667, 0.3723, 0.0000,
        1.0000, 1.0000, 1.0000, 0.3333, 0.0000, 1.0000, 0.0000, 0.3333, 1.0000,
        1.0000, 1.0000, 0.3333, 0.0000, 1.0000, 0.0000, 0.5000, 0.2037, 0.0000],
       device='cuda:0')
act:[1 1 2 2 1 2 2 0 1 0 2 1]
rwd:0.05026455026455026
loss:0.0012050034711137414
zero ditect
state:tensor([1.0000, 1.0000, 1.0000, 0.1667, 0.0000, 0.5000, 0.0000, 0.1667, 0.0000,
        0.5000, 0.0000, 0.1667, 0.0000, 1.0000, 1.0000, 0.3333, 0.0332, 0.0000,
        1.0000, 1.0000, 1.0000, 0.3333, 0.0000, 0.0000, 0.0000, 0.0000, 0.0000,
        1.0000, 0.0000, 0.3333, 0.0000, 1.0000, 1.0000, 0.6667, 0.1347, 0.0000,
        1.0000, 1.0000, 1.0000, 0.1667, 0.0000, 0.0000, 0.0000, 0.0000, 0.0000,
        1.0000, 0.0000, 0.1667, 0.0000, 1.0000, 0.0000, 0.1667, 0.3019, 0.0000,
        1.0000, 1.0000, 1.0000, 0.1667, 0.0000, 0.0000, 0.0000, 0.0000, 0.0000,
        1.0000, 0.0000, 0.1667, 0.0000, 1.0000, 0.0000, 0.1667, 0.1680, 0.0000,
        1.0000, 1.0000, 1.0000, 0.1667, 0.0000, 1.0000, 0.0000, 0.1667, 1.0000,
        1.0000, 1.0000, 0.1667, 0.0000, 1.0000, 0.0000, 0.1667, 0.4202, 0.0000,
        1.0000, 1.0000, 1.0000, 0.1667, 0.0000, 1.0000, 0.0000, 0.1667, 1.0000,
        1.0000, 1.0000, 0.1667, 0.0000, 1.0000, 1.0000, 0.5000, 0.1682, 0.0000],
       device='cuda:0')
new_s:tensor([1.0000, 1.0000, 1.0000, 0.1667, 0.0000, 1.0000, 0.0000, 0.1667, 1.0000,
        1.0000, 1.0000, 0.1667, 0.0000, 1.0000, 0.0000, 0.1667, 0.1025, 0.0000,
        1.0000, 1.0000, 1.0000, 0.1667, 0.0000, 1.0000, 0.0000, 0.3333, 1.0000,
        1.0000, 1.0000, 0.1667, 0.0000, 1.0000, 1.0000, 0.5000, 0.0917, 0.0000,
        1.0000, 1.0000, 1.0000, 0.1667, 0.0000, 0.0000, 0.0000, 0.0000, 1.0000,
        1.0000, 1.0000, 0.1667, 1.0000, 1.0000, 1.0000, 0.1667, 0.4248, 4.0000,
        1.0000, 1.0000, 1.0000, 0.1667, 0.0000, 1.0000, 0.0000, 0.1667, 1.0000,
        1.0000, 1.0000, 0.1667, 0.0000, 1.0000, 0.0000, 0.1667, 0.1465, 0.0000,
        1.0000, 1.0000, 1.0000, 0.1667, 0.0000, 1.0000, 0.0000, 0.1667, 1.0000,
        1.0000, 1.0000, 0.1667, 0.0000, 1.0000, 0.0000, 0.1667, 0.3723, 0.0000,
        1.0000, 1.0000, 1.0000, 0.3333, 0.0000, 1.0000, 0.0000, 0.3333, 1.0000,
        1.0000, 1.0000, 0.3333, 0.0000, 1.0000, 0.0000, 0.5000, 0.2037, 0.0000],
       device='cuda:0')
act:[1 1 2 2 1 2 2 0 1 0 2 1]
rwd:0.05026455026455026
loss:0.0024223290383815765
zero ditect
state:tensor([1.0000, 1.0000, 1.0000, 0.1667, 0.0000, 0.5000, 0.0000, 0.1667, 0.0000,
        0.5000, 0.0000, 0.1667, 0.0000, 1.0000, 1.0000, 0.3333, 0.0332, 0.0000,
        1.0000, 1.0000, 1.0000, 0.3333, 0.0000, 0.0000, 0.0000, 0.0000, 0.0000,
        1.0000, 0.0000, 0.3333, 0.0000, 1.0000, 1.0000, 0.6667, 0.1347, 0.0000,
        1.0000, 1.0000, 1.0000, 0.1667, 0.0000, 0.0000, 0.0000, 0.0000, 0.0000,
        1.0000, 0.0000, 0.1667, 0.0000, 1.0000, 0.0000, 0.1667, 0.3019, 0.0000,
        1.0000, 1.0000, 1.0000, 0.1667, 0.0000, 0.0000, 0.0000, 0.0000, 0.0000,
        1.0000, 0.0000, 0.1667, 0.0000, 1.0000, 0.0000, 0.1667, 0.1680, 0.0000,
        1.0000, 1.0000, 1.0000, 0.1667, 0.0000, 1.0000, 0.0000, 0.1667, 1.0000,
        1.0000, 1.0000, 0.1667, 0.0000, 1.0000, 0.0000, 0.1667, 0.4202, 0.0000,
        1.0000, 1.0000, 1.0000, 0.1667, 0.0000, 1.0000, 0.0000, 0.1667, 1.0000,
        1.0000, 1.0000, 0.1667, 0.0000, 1.0000, 1.0000, 0.5000, 0.1682, 0.0000],
       device='cuda:0')
new_s:tensor([1.0000, 1.0000, 1.0000, 0.1667, 0.0000, 1.0000, 0.0000, 0.1667, 1.0000,
        1.0000, 1.0000, 0.1667, 0.0000, 1.0000, 0.0000, 0.1667, 0.1025, 0.0000,
        1.0000, 1.0000, 1.0000, 0.1667, 0.0000, 1.0000, 0.0000, 0.3333, 1.0000,
        1.0000, 1.0000, 0.1667, 0.0000, 1.0000, 1.0000, 0.5000, 0.0917, 0.0000,
        1.0000, 1.0000, 1.0000, 0.1667, 0.0000, 0.0000, 0.0000, 0.0000, 1.0000,
        1.0000, 1.0000, 0.1667, 1.0000, 1.0000, 1.0000, 0.1667, 0.4248, 4.0000,
        1.0000, 1.0000, 1.0000, 0.1667, 0.0000, 1.0000, 0.0000, 0.1667, 1.0000,
        1.0000, 1.0000, 0.1667, 0.0000, 1.0000, 0.0000, 0.1667, 0.1465, 0.0000,
        1.0000, 1.0000, 1.0000, 0.1667, 0.0000, 1.0000, 0.0000, 0.1667, 1.0000,
        1.0000, 1.0000, 0.1667, 0.0000, 1.0000, 0.0000, 0.1667, 0.3723, 0.0000,
        1.0000, 1.0000, 1.0000, 0.3333, 0.0000, 1.0000, 0.0000, 0.3333, 1.0000,
        1.0000, 1.0000, 0.3333, 0.0000, 1.0000, 0.0000, 0.5000, 0.2037, 0.0000],
       device='cuda:0')
act:[1 1 2 2 1 2 2 0 1 0 2 1]
rwd:0.05026455026455026
loss:0.0006297202780842781
zero ditect
state:tensor([1.0000, 1.0000, 1.0000, 0.1667, 0.0000, 0.5000, 0.0000, 0.1667, 0.0000,
        0.5000, 0.0000, 0.1667, 0.0000, 1.0000, 1.0000, 0.3333, 0.0332, 0.0000,
        1.0000, 1.0000, 1.0000, 0.3333, 0.0000, 0.0000, 0.0000, 0.0000, 0.0000,
        1.0000, 0.0000, 0.3333, 0.0000, 1.0000, 1.0000, 0.6667, 0.1347, 0.0000,
        1.0000, 1.0000, 1.0000, 0.1667, 0.0000, 0.0000, 0.0000, 0.0000, 0.0000,
        1.0000, 0.0000, 0.1667, 0.0000, 1.0000, 0.0000, 0.1667, 0.3019, 0.0000,
        1.0000, 1.0000, 1.0000, 0.1667, 0.0000, 0.0000, 0.0000, 0.0000, 0.0000,
        1.0000, 0.0000, 0.1667, 0.0000, 1.0000, 0.0000, 0.1667, 0.1680, 0.0000,
        1.0000, 1.0000, 1.0000, 0.1667, 0.0000, 1.0000, 0.0000, 0.1667, 1.0000,
        1.0000, 1.0000, 0.1667, 0.0000, 1.0000, 0.0000, 0.1667, 0.4202, 0.0000,
        1.0000, 1.0000, 1.0000, 0.1667, 0.0000, 1.0000, 0.0000, 0.1667, 1.0000,
        1.0000, 1.0000, 0.1667, 0.0000, 1.0000, 1.0000, 0.5000, 0.1682, 0.0000],
       device='cuda:0')
new_s:tensor([1.0000, 1.0000, 1.0000, 0.1667, 0.0000, 1.0000, 0.0000, 0.1667, 1.0000,
        1.0000, 1.0000, 0.1667, 0.0000, 1.0000, 0.0000, 0.1667, 0.1025, 0.0000,
        1.0000, 1.0000, 1.0000, 0.1667, 0.0000, 1.0000, 0.0000, 0.3333, 1.0000,
        1.0000, 1.0000, 0.1667, 0.0000, 1.0000, 1.0000, 0.5000, 0.0917, 0.0000,
        1.0000, 1.0000, 1.0000, 0.1667, 0.0000, 0.0000, 0.0000, 0.0000, 1.0000,
        1.0000, 1.0000, 0.1667, 1.0000, 1.0000, 1.0000, 0.1667, 0.4248, 4.0000,
        1.0000, 1.0000, 1.0000, 0.1667, 0.0000, 1.0000, 0.0000, 0.1667, 1.0000,
        1.0000, 1.0000, 0.1667, 0.0000, 1.0000, 0.0000, 0.1667, 0.1465, 0.0000,
        1.0000, 1.0000, 1.0000, 0.1667, 0.0000, 1.0000, 0.0000, 0.1667, 1.0000,
        1.0000, 1.0000, 0.1667, 0.0000, 1.0000, 0.0000, 0.1667, 0.3723, 0.0000,
        1.0000, 1.0000, 1.0000, 0.3333, 0.0000, 1.0000, 0.0000, 0.3333, 1.0000,
        1.0000, 1.0000, 0.3333, 0.0000, 1.0000, 0.0000, 0.5000, 0.2037, 0.0000],
       device='cuda:0')
act:[1 1 2 2 1 2 2 0 1 0 2 1]
rwd:0.05026455026455026
loss:0.0014404249377548695
zero ditect
state:tensor([1.0000, 1.0000, 1.0000, 0.1667, 0.0000, 0.5000, 0.0000, 0.1667, 0.0000,
        0.5000, 0.0000, 0.1667, 0.0000, 1.0000, 1.0000, 0.3333, 0.0332, 0.0000,
        1.0000, 1.0000, 1.0000, 0.3333, 0.0000, 0.0000, 0.0000, 0.0000, 0.0000,
        1.0000, 0.0000, 0.3333, 0.0000, 1.0000, 1.0000, 0.6667, 0.1347, 0.0000,
        1.0000, 1.0000, 1.0000, 0.1667, 0.0000, 0.0000, 0.0000, 0.0000, 0.0000,
        1.0000, 0.0000, 0.1667, 0.0000, 1.0000, 0.0000, 0.1667, 0.3019, 0.0000,
        1.0000, 1.0000, 1.0000, 0.1667, 0.0000, 0.0000, 0.0000, 0.0000, 0.0000,
        1.0000, 0.0000, 0.1667, 0.0000, 1.0000, 0.0000, 0.1667, 0.1680, 0.0000,
        1.0000, 1.0000, 1.0000, 0.1667, 0.0000, 1.0000, 0.0000, 0.1667, 1.0000,
        1.0000, 1.0000, 0.1667, 0.0000, 1.0000, 0.0000, 0.1667, 0.4202, 0.0000,
        1.0000, 1.0000, 1.0000, 0.1667, 0.0000, 1.0000, 0.0000, 0.1667, 1.0000,
        1.0000, 1.0000, 0.1667, 0.0000, 1.0000, 1.0000, 0.5000, 0.1682, 0.0000],
       device='cuda:0')
new_s:tensor([1.0000, 1.0000, 1.0000, 0.1667, 0.0000, 1.0000, 0.0000, 0.1667, 1.0000,
        1.0000, 1.0000, 0.1667, 0.0000, 1.0000, 0.0000, 0.1667, 0.1025, 0.0000,
        1.0000, 1.0000, 1.0000, 0.1667, 0.0000, 1.0000, 0.0000, 0.3333, 1.0000,
        1.0000, 1.0000, 0.1667, 0.0000, 1.0000, 1.0000, 0.5000, 0.0917, 0.0000,
        1.0000, 1.0000, 1.0000, 0.1667, 0.0000, 0.0000, 0.0000, 0.0000, 1.0000,
        1.0000, 1.0000, 0.1667, 1.0000, 1.0000, 1.0000, 0.1667, 0.4248, 4.0000,
        1.0000, 1.0000, 1.0000, 0.1667, 0.0000, 1.0000, 0.0000, 0.1667, 1.0000,
        1.0000, 1.0000, 0.1667, 0.0000, 1.0000, 0.0000, 0.1667, 0.1465, 0.0000,
        1.0000, 1.0000, 1.0000, 0.1667, 0.0000, 1.0000, 0.0000, 0.1667, 1.0000,
        1.0000, 1.0000, 0.1667, 0.0000, 1.0000, 0.0000, 0.1667, 0.3723, 0.0000,
        1.0000, 1.0000, 1.0000, 0.3333, 0.0000, 1.0000, 0.0000, 0.3333, 1.0000,
        1.0000, 1.0000, 0.3333, 0.0000, 1.0000, 0.0000, 0.5000, 0.2037, 0.0000],
       device='cuda:0')
act:[1 1 2 2 1 2 2 0 1 0 2 1]
rwd:0.05026455026455026
loss:0.007046219892799854
zero ditect
state:tensor([1.0000, 1.0000, 1.0000, 0.1667, 0.0000, 0.5000, 0.0000, 0.1667, 0.0000,
        0.5000, 0.0000, 0.1667, 0.0000, 1.0000, 1.0000, 0.3333, 0.0332, 0.0000,
        1.0000, 1.0000, 1.0000, 0.3333, 0.0000, 0.0000, 0.0000, 0.0000, 0.0000,
        1.0000, 0.0000, 0.3333, 0.0000, 1.0000, 1.0000, 0.6667, 0.1347, 0.0000,
        1.0000, 1.0000, 1.0000, 0.1667, 0.0000, 0.0000, 0.0000, 0.0000, 0.0000,
        1.0000, 0.0000, 0.1667, 0.0000, 1.0000, 0.0000, 0.1667, 0.3019, 0.0000,
        1.0000, 1.0000, 1.0000, 0.1667, 0.0000, 0.0000, 0.0000, 0.0000, 0.0000,
        1.0000, 0.0000, 0.1667, 0.0000, 1.0000, 0.0000, 0.1667, 0.1680, 0.0000,
        1.0000, 1.0000, 1.0000, 0.1667, 0.0000, 1.0000, 0.0000, 0.1667, 1.0000,
        1.0000, 1.0000, 0.1667, 0.0000, 1.0000, 0.0000, 0.1667, 0.4202, 0.0000,
        1.0000, 1.0000, 1.0000, 0.1667, 0.0000, 1.0000, 0.0000, 0.1667, 1.0000,
        1.0000, 1.0000, 0.1667, 0.0000, 1.0000, 1.0000, 0.5000, 0.1682, 0.0000],
       device='cuda:0')
new_s:tensor([1.0000, 1.0000, 1.0000, 0.1667, 0.0000, 1.0000, 0.0000, 0.1667, 1.0000,
        1.0000, 1.0000, 0.1667, 0.0000, 1.0000, 0.0000, 0.1667, 0.1025, 0.0000,
        1.0000, 1.0000, 1.0000, 0.1667, 0.0000, 1.0000, 0.0000, 0.3333, 1.0000,
        1.0000, 1.0000, 0.1667, 0.0000, 1.0000, 1.0000, 0.5000, 0.0917, 0.0000,
        1.0000, 1.0000, 1.0000, 0.1667, 0.0000, 0.0000, 0.0000, 0.0000, 1.0000,
        1.0000, 1.0000, 0.1667, 1.0000, 1.0000, 1.0000, 0.1667, 0.4248, 4.0000,
        1.0000, 1.0000, 1.0000, 0.1667, 0.0000, 1.0000, 0.0000, 0.1667, 1.0000,
        1.0000, 1.0000, 0.1667, 0.0000, 1.0000, 0.0000, 0.1667, 0.1465, 0.0000,
        1.0000, 1.0000, 1.0000, 0.1667, 0.0000, 1.0000, 0.0000, 0.1667, 1.0000,
        1.0000, 1.0000, 0.1667, 0.0000, 1.0000, 0.0000, 0.1667, 0.3723, 0.0000,
        1.0000, 1.0000, 1.0000, 0.3333, 0.0000, 1.0000, 0.0000, 0.3333, 1.0000,
        1.0000, 1.0000, 0.3333, 0.0000, 1.0000, 0.0000, 0.5000, 0.2037, 0.0000],
       device='cuda:0')
act:[1 1 2 2 1 2 2 0 1 0 2 1]
rwd:0.05026455026455026
loss:0.0010929731652140617
zero ditect
state:tensor([1.0000, 1.0000, 1.0000, 0.1667, 0.0000, 0.5000, 0.0000, 0.1667, 0.0000,
        0.5000, 0.0000, 0.1667, 0.0000, 1.0000, 1.0000, 0.3333, 0.0332, 0.0000,
        1.0000, 1.0000, 1.0000, 0.3333, 0.0000, 0.0000, 0.0000, 0.0000, 0.0000,
        1.0000, 0.0000, 0.3333, 0.0000, 1.0000, 1.0000, 0.6667, 0.1347, 0.0000,
        1.0000, 1.0000, 1.0000, 0.1667, 0.0000, 0.0000, 0.0000, 0.0000, 0.0000,
        1.0000, 0.0000, 0.1667, 0.0000, 1.0000, 0.0000, 0.1667, 0.3019, 0.0000,
        1.0000, 1.0000, 1.0000, 0.1667, 0.0000, 0.0000, 0.0000, 0.0000, 0.0000,
        1.0000, 0.0000, 0.1667, 0.0000, 1.0000, 0.0000, 0.1667, 0.1680, 0.0000,
        1.0000, 1.0000, 1.0000, 0.1667, 0.0000, 1.0000, 0.0000, 0.1667, 1.0000,
        1.0000, 1.0000, 0.1667, 0.0000, 1.0000, 0.0000, 0.1667, 0.4202, 0.0000,
        1.0000, 1.0000, 1.0000, 0.1667, 0.0000, 1.0000, 0.0000, 0.1667, 1.0000,
        1.0000, 1.0000, 0.1667, 0.0000, 1.0000, 1.0000, 0.5000, 0.1682, 0.0000],
       device='cuda:0')
new_s:tensor([1.0000, 1.0000, 1.0000, 0.1667, 0.0000, 1.0000, 0.0000, 0.1667, 1.0000,
        1.0000, 1.0000, 0.1667, 0.0000, 1.0000, 0.0000, 0.1667, 0.1025, 0.0000,
        1.0000, 1.0000, 1.0000, 0.1667, 0.0000, 1.0000, 0.0000, 0.3333, 1.0000,
        1.0000, 1.0000, 0.1667, 0.0000, 1.0000, 1.0000, 0.5000, 0.0917, 0.0000,
        1.0000, 1.0000, 1.0000, 0.1667, 0.0000, 0.0000, 0.0000, 0.0000, 1.0000,
        1.0000, 1.0000, 0.1667, 1.0000, 1.0000, 1.0000, 0.1667, 0.4248, 4.0000,
        1.0000, 1.0000, 1.0000, 0.1667, 0.0000, 1.0000, 0.0000, 0.1667, 1.0000,
        1.0000, 1.0000, 0.1667, 0.0000, 1.0000, 0.0000, 0.1667, 0.1465, 0.0000,
        1.0000, 1.0000, 1.0000, 0.1667, 0.0000, 1.0000, 0.0000, 0.1667, 1.0000,
        1.0000, 1.0000, 0.1667, 0.0000, 1.0000, 0.0000, 0.1667, 0.3723, 0.0000,
        1.0000, 1.0000, 1.0000, 0.3333, 0.0000, 1.0000, 0.0000, 0.3333, 1.0000,
        1.0000, 1.0000, 0.3333, 0.0000, 1.0000, 0.0000, 0.5000, 0.2037, 0.0000],
       device='cuda:0')
act:[1 1 2 2 1 2 2 0 1 0 2 1]
rwd:0.05026455026455026
loss:0.0004385335778351873
zero ditect
state:tensor([1.0000, 1.0000, 1.0000, 0.1667, 0.0000, 0.5000, 0.0000, 0.1667, 0.0000,
        0.5000, 0.0000, 0.1667, 0.0000, 1.0000, 1.0000, 0.3333, 0.0332, 0.0000,
        1.0000, 1.0000, 1.0000, 0.3333, 0.0000, 0.0000, 0.0000, 0.0000, 0.0000,
        1.0000, 0.0000, 0.3333, 0.0000, 1.0000, 1.0000, 0.6667, 0.1347, 0.0000,
        1.0000, 1.0000, 1.0000, 0.1667, 0.0000, 0.0000, 0.0000, 0.0000, 0.0000,
        1.0000, 0.0000, 0.1667, 0.0000, 1.0000, 0.0000, 0.1667, 0.3019, 0.0000,
        1.0000, 1.0000, 1.0000, 0.1667, 0.0000, 0.0000, 0.0000, 0.0000, 0.0000,
        1.0000, 0.0000, 0.1667, 0.0000, 1.0000, 0.0000, 0.1667, 0.1680, 0.0000,
        1.0000, 1.0000, 1.0000, 0.1667, 0.0000, 1.0000, 0.0000, 0.1667, 1.0000,
        1.0000, 1.0000, 0.1667, 0.0000, 1.0000, 0.0000, 0.1667, 0.4202, 0.0000,
        1.0000, 1.0000, 1.0000, 0.1667, 0.0000, 1.0000, 0.0000, 0.1667, 1.0000,
        1.0000, 1.0000, 0.1667, 0.0000, 1.0000, 1.0000, 0.5000, 0.1682, 0.0000],
       device='cuda:0')
new_s:tensor([1.0000, 1.0000, 1.0000, 0.1667, 0.0000, 1.0000, 0.0000, 0.1667, 1.0000,
        1.0000, 1.0000, 0.1667, 0.0000, 1.0000, 0.0000, 0.1667, 0.1025, 0.0000,
        1.0000, 1.0000, 1.0000, 0.1667, 0.0000, 1.0000, 0.0000, 0.3333, 1.0000,
        1.0000, 1.0000, 0.1667, 0.0000, 1.0000, 1.0000, 0.5000, 0.0917, 0.0000,
        1.0000, 1.0000, 1.0000, 0.1667, 0.0000, 0.0000, 0.0000, 0.0000, 1.0000,
        1.0000, 1.0000, 0.1667, 1.0000, 1.0000, 1.0000, 0.1667, 0.4248, 4.0000,
        1.0000, 1.0000, 1.0000, 0.1667, 0.0000, 1.0000, 0.0000, 0.1667, 1.0000,
        1.0000, 1.0000, 0.1667, 0.0000, 1.0000, 0.0000, 0.1667, 0.1465, 0.0000,
        1.0000, 1.0000, 1.0000, 0.1667, 0.0000, 1.0000, 0.0000, 0.1667, 1.0000,
        1.0000, 1.0000, 0.1667, 0.0000, 1.0000, 0.0000, 0.1667, 0.3723, 0.0000,
        1.0000, 1.0000, 1.0000, 0.3333, 0.0000, 1.0000, 0.0000, 0.3333, 1.0000,
        1.0000, 1.0000, 0.3333, 0.0000, 1.0000, 0.0000, 0.5000, 0.2037, 0.0000],
       device='cuda:0')
act:[1 1 2 2 1 2 2 0 1 0 2 1]
rwd:0.05026455026455026
loss:0.003249002154916525
zero ditect
state:tensor([1.0000, 1.0000, 1.0000, 0.1667, 0.0000, 0.5000, 0.0000, 0.1667, 0.0000,
        0.5000, 0.0000, 0.1667, 0.0000, 1.0000, 1.0000, 0.3333, 0.0332, 0.0000,
        1.0000, 1.0000, 1.0000, 0.3333, 0.0000, 0.0000, 0.0000, 0.0000, 0.0000,
        1.0000, 0.0000, 0.3333, 0.0000, 1.0000, 1.0000, 0.6667, 0.1347, 0.0000,
        1.0000, 1.0000, 1.0000, 0.1667, 0.0000, 0.0000, 0.0000, 0.0000, 0.0000,
        1.0000, 0.0000, 0.1667, 0.0000, 1.0000, 0.0000, 0.1667, 0.3019, 0.0000,
        1.0000, 1.0000, 1.0000, 0.1667, 0.0000, 0.0000, 0.0000, 0.0000, 0.0000,
        1.0000, 0.0000, 0.1667, 0.0000, 1.0000, 0.0000, 0.1667, 0.1680, 0.0000,
        1.0000, 1.0000, 1.0000, 0.1667, 0.0000, 1.0000, 0.0000, 0.1667, 1.0000,
        1.0000, 1.0000, 0.1667, 0.0000, 1.0000, 0.0000, 0.1667, 0.4202, 0.0000,
        1.0000, 1.0000, 1.0000, 0.1667, 0.0000, 1.0000, 0.0000, 0.1667, 1.0000,
        1.0000, 1.0000, 0.1667, 0.0000, 1.0000, 1.0000, 0.5000, 0.1682, 0.0000],
       device='cuda:0')
new_s:tensor([1.0000, 1.0000, 1.0000, 0.1667, 0.0000, 1.0000, 0.0000, 0.1667, 1.0000,
        1.0000, 1.0000, 0.1667, 0.0000, 1.0000, 0.0000, 0.1667, 0.1025, 0.0000,
        1.0000, 1.0000, 1.0000, 0.1667, 0.0000, 1.0000, 0.0000, 0.3333, 1.0000,
        1.0000, 1.0000, 0.1667, 0.0000, 1.0000, 1.0000, 0.5000, 0.0917, 0.0000,
        1.0000, 1.0000, 1.0000, 0.1667, 0.0000, 0.0000, 0.0000, 0.0000, 1.0000,
        1.0000, 1.0000, 0.1667, 1.0000, 1.0000, 1.0000, 0.1667, 0.4248, 4.0000,
        1.0000, 1.0000, 1.0000, 0.1667, 0.0000, 1.0000, 0.0000, 0.1667, 1.0000,
        1.0000, 1.0000, 0.1667, 0.0000, 1.0000, 0.0000, 0.1667, 0.1465, 0.0000,
        1.0000, 1.0000, 1.0000, 0.1667, 0.0000, 1.0000, 0.0000, 0.1667, 1.0000,
        1.0000, 1.0000, 0.1667, 0.0000, 1.0000, 0.0000, 0.1667, 0.3723, 0.0000,
        1.0000, 1.0000, 1.0000, 0.3333, 0.0000, 1.0000, 0.0000, 0.3333, 1.0000,
        1.0000, 1.0000, 0.3333, 0.0000, 1.0000, 0.0000, 0.5000, 0.2037, 0.0000],
       device='cuda:0')
act:[1 1 2 2 1 2 2 0 1 0 2 1]
rwd:0.05026455026455026
loss:0.00310141546651721
zero ditect
state:tensor([1.0000, 1.0000, 1.0000, 0.1667, 0.0000, 0.5000, 0.0000, 0.1667, 0.0000,
        0.5000, 0.0000, 0.1667, 0.0000, 1.0000, 1.0000, 0.3333, 0.0332, 0.0000,
        1.0000, 1.0000, 1.0000, 0.3333, 0.0000, 0.0000, 0.0000, 0.0000, 0.0000,
        1.0000, 0.0000, 0.3333, 0.0000, 1.0000, 1.0000, 0.6667, 0.1347, 0.0000,
        1.0000, 1.0000, 1.0000, 0.1667, 0.0000, 0.0000, 0.0000, 0.0000, 0.0000,
        1.0000, 0.0000, 0.1667, 0.0000, 1.0000, 0.0000, 0.1667, 0.3019, 0.0000,
        1.0000, 1.0000, 1.0000, 0.1667, 0.0000, 0.0000, 0.0000, 0.0000, 0.0000,
        1.0000, 0.0000, 0.1667, 0.0000, 1.0000, 0.0000, 0.1667, 0.1680, 0.0000,
        1.0000, 1.0000, 1.0000, 0.1667, 0.0000, 1.0000, 0.0000, 0.1667, 1.0000,
        1.0000, 1.0000, 0.1667, 0.0000, 1.0000, 0.0000, 0.1667, 0.4202, 0.0000,
        1.0000, 1.0000, 1.0000, 0.1667, 0.0000, 1.0000, 0.0000, 0.1667, 1.0000,
        1.0000, 1.0000, 0.1667, 0.0000, 1.0000, 1.0000, 0.5000, 0.1682, 0.0000],
       device='cuda:0')
new_s:tensor([1.0000, 1.0000, 1.0000, 0.1667, 0.0000, 1.0000, 0.0000, 0.1667, 1.0000,
        1.0000, 1.0000, 0.1667, 0.0000, 1.0000, 0.0000, 0.1667, 0.1025, 0.0000,
        1.0000, 1.0000, 1.0000, 0.1667, 0.0000, 1.0000, 0.0000, 0.3333, 1.0000,
        1.0000, 1.0000, 0.1667, 0.0000, 1.0000, 1.0000, 0.5000, 0.0917, 0.0000,
        1.0000, 1.0000, 1.0000, 0.1667, 0.0000, 0.0000, 0.0000, 0.0000, 1.0000,
        1.0000, 1.0000, 0.1667, 1.0000, 1.0000, 1.0000, 0.1667, 0.4248, 4.0000,
        1.0000, 1.0000, 1.0000, 0.1667, 0.0000, 1.0000, 0.0000, 0.1667, 1.0000,
        1.0000, 1.0000, 0.1667, 0.0000, 1.0000, 0.0000, 0.1667, 0.1465, 0.0000,
        1.0000, 1.0000, 1.0000, 0.1667, 0.0000, 1.0000, 0.0000, 0.1667, 1.0000,
        1.0000, 1.0000, 0.1667, 0.0000, 1.0000, 0.0000, 0.1667, 0.3723, 0.0000,
        1.0000, 1.0000, 1.0000, 0.3333, 0.0000, 1.0000, 0.0000, 0.3333, 1.0000,
        1.0000, 1.0000, 0.3333, 0.0000, 1.0000, 0.0000, 0.5000, 0.2037, 0.0000],
       device='cuda:0')
act:[1 1 2 2 1 2 2 0 1 0 2 1]
rwd:0.05026455026455026
loss:0.008962227962911129
zero ditect
state:tensor([1.0000, 1.0000, 1.0000, 0.1667, 0.0000, 0.5000, 0.0000, 0.1667, 0.0000,
        0.5000, 0.0000, 0.1667, 0.0000, 1.0000, 1.0000, 0.3333, 0.0332, 0.0000,
        1.0000, 1.0000, 1.0000, 0.3333, 0.0000, 0.0000, 0.0000, 0.0000, 0.0000,
        1.0000, 0.0000, 0.3333, 0.0000, 1.0000, 1.0000, 0.6667, 0.1347, 0.0000,
        1.0000, 1.0000, 1.0000, 0.1667, 0.0000, 0.0000, 0.0000, 0.0000, 0.0000,
        1.0000, 0.0000, 0.1667, 0.0000, 1.0000, 0.0000, 0.1667, 0.3019, 0.0000,
        1.0000, 1.0000, 1.0000, 0.1667, 0.0000, 0.0000, 0.0000, 0.0000, 0.0000,
        1.0000, 0.0000, 0.1667, 0.0000, 1.0000, 0.0000, 0.1667, 0.1680, 0.0000,
        1.0000, 1.0000, 1.0000, 0.1667, 0.0000, 1.0000, 0.0000, 0.1667, 1.0000,
        1.0000, 1.0000, 0.1667, 0.0000, 1.0000, 0.0000, 0.1667, 0.4202, 0.0000,
        1.0000, 1.0000, 1.0000, 0.1667, 0.0000, 1.0000, 0.0000, 0.1667, 1.0000,
        1.0000, 1.0000, 0.1667, 0.0000, 1.0000, 1.0000, 0.5000, 0.1682, 0.0000],
       device='cuda:0')
new_s:tensor([1.0000, 1.0000, 1.0000, 0.1667, 0.0000, 1.0000, 0.0000, 0.1667, 1.0000,
        1.0000, 1.0000, 0.1667, 0.0000, 1.0000, 0.0000, 0.1667, 0.1025, 0.0000,
        1.0000, 1.0000, 1.0000, 0.1667, 0.0000, 1.0000, 0.0000, 0.3333, 1.0000,
        1.0000, 1.0000, 0.1667, 0.0000, 1.0000, 1.0000, 0.5000, 0.0917, 0.0000,
        1.0000, 1.0000, 1.0000, 0.1667, 0.0000, 0.0000, 0.0000, 0.0000, 1.0000,
        1.0000, 1.0000, 0.1667, 1.0000, 1.0000, 1.0000, 0.1667, 0.4248, 4.0000,
        1.0000, 1.0000, 1.0000, 0.1667, 0.0000, 1.0000, 0.0000, 0.1667, 1.0000,
        1.0000, 1.0000, 0.1667, 0.0000, 1.0000, 0.0000, 0.1667, 0.1465, 0.0000,
        1.0000, 1.0000, 1.0000, 0.1667, 0.0000, 1.0000, 0.0000, 0.1667, 1.0000,
        1.0000, 1.0000, 0.1667, 0.0000, 1.0000, 0.0000, 0.1667, 0.3723, 0.0000,
        1.0000, 1.0000, 1.0000, 0.3333, 0.0000, 1.0000, 0.0000, 0.3333, 1.0000,
        1.0000, 1.0000, 0.3333, 0.0000, 1.0000, 0.0000, 0.5000, 0.2037, 0.0000],
       device='cuda:0')
act:[1 1 2 2 1 2 2 0 1 0 2 1]
rwd:0.05026455026455026
loss:0.005506489425897598
eps:1299
